,latent_step,raw_frame_idx,rms_contrast,optical_flow,unpredictability_h4_euclidean,unpredictability_h8_euclidean,unpredictability_h12_euclidean
latent_step,1.0,1.0,-0.34129229471089306,-0.4151973383237962,-0.32375811485693934,-0.3598419615159326,-0.3925278400773304
raw_frame_idx,1.0,1.0,-0.34129229471089306,-0.4151973383237962,-0.32375811485693934,-0.3598419615159326,-0.3925278400773304
rms_contrast,-0.34129229471089306,-0.34129229471089306,1.0,0.9076079791751155,-0.0790129916533475,-0.048902434026125166,-0.03427143153200993
optical_flow,-0.4151973383237962,-0.4151973383237962,0.9076079791751155,1.0,0.01227375397331822,0.03933911653814207,0.04731302317722138
unpredictability_h4_euclidean,-0.32375811485693934,-0.32375811485693934,-0.0790129916533475,0.01227375397331822,1.0,0.9919398621158051,0.9755433474367177
unpredictability_h8_euclidean,-0.3598419615159326,-0.3598419615159326,-0.048902434026125166,0.03933911653814207,0.9919398621158051,1.0,0.9935823589302678
unpredictability_h12_euclidean,-0.3925278400773304,-0.3925278400773304,-0.03427143153200993,0.04731302317722138,0.9755433474367177,0.9935823589302678,1.0
