,latent_step,raw_frame_idx,rms_contrast,optical_flow,unpredictability_h4_euclidean,unpredictability_h8_euclidean,unpredictability_h12_euclidean
latent_step,1.0,1.0,-0.14870430429638493,-0.17376449790457993,-0.17967691779204295,-0.18740550114971863,-0.2351654753722876
raw_frame_idx,1.0,1.0,-0.14870430429638493,-0.17376449790457993,-0.17967691779204295,-0.18740550114971863,-0.2351654753722876
rms_contrast,-0.14870430429638493,-0.14870430429638493,1.0,0.9468364295383017,0.08622124963980937,0.03919981533849649,0.044822938789785556
optical_flow,-0.17376449790457993,-0.17376449790457993,0.9468364295383017,1.0,0.19749765863588326,0.14875544843332694,0.15793890122520965
unpredictability_h4_euclidean,-0.17967691779204295,-0.17967691779204295,0.08622124963980937,0.19749765863588326,1.0,0.990625973080825,0.9582380304356096
unpredictability_h8_euclidean,-0.18740550114971863,-0.18740550114971863,0.03919981533849649,0.14875544843332694,0.990625973080825,1.0,0.9779581487858399
unpredictability_h12_euclidean,-0.2351654753722876,-0.2351654753722876,0.044822938789785556,0.15793890122520965,0.9582380304356096,0.9779581487858399,1.0
