,latent_step,raw_frame_idx,rms_contrast,optical_flow,unpredictability_h1_euclidean,unpredictability_h2_euclidean,unpredictability_h3_euclidean
latent_step,1.0,1.0,0.000705090566470302,-0.014899165493566112,-0.018811079487594303,-0.03404543651298171,-0.040112531022916224
raw_frame_idx,1.0,1.0,0.000705090566470302,-0.014899165493566112,-0.018811079487594303,-0.03404543651298171,-0.040112531022916224
rms_contrast,0.000705090566470302,0.000705090566470302,1.0,0.8623083600345626,0.3136494295653624,0.23261404712881154,0.18214665511663541
optical_flow,-0.014899165493566112,-0.014899165493566112,0.8623083600345626,1.0,0.41278821366189056,0.3084295437676199,0.24028523808231483
unpredictability_h1_euclidean,-0.018811079487594303,-0.018811079487594303,0.3136494295653624,0.41278821366189056,1.0,0.7726711390718314,0.6476985148734353
unpredictability_h2_euclidean,-0.03404543651298171,-0.03404543651298171,0.23261404712881154,0.3084295437676199,0.7726711390718314,1.0,0.8644613304655674
unpredictability_h3_euclidean,-0.040112531022916224,-0.040112531022916224,0.18214665511663541,0.24028523808231483,0.6476985148734353,0.8644613304655674,1.0
