,latent_step,raw_frame_idx,rms_contrast,optical_flow,unpredictability_h1_euclidean,unpredictability_h2_euclidean,unpredictability_h3_euclidean
latent_step,1.0,1.0,-0.030482441841596937,-0.02716224030016859,0.20315479008131634,0.1879690495992839,0.1928837807818042
raw_frame_idx,1.0,1.0,-0.030482441841596937,-0.02716224030016859,0.20315479008131634,0.1879690495992839,0.1928837807818042
rms_contrast,-0.030482441841596937,-0.030482441841596937,1.0,0.8635784317729255,0.35725369306791865,0.3498743900731008,0.3423743860243405
optical_flow,-0.02716224030016859,-0.02716224030016859,0.8635784317729255,1.0,0.5028352752619587,0.48621804903355315,0.47346281536493895
unpredictability_h1_euclidean,0.20315479008131634,0.20315479008131634,0.35725369306791865,0.5028352752619587,1.0,0.986361219987284,0.9726589776670646
unpredictability_h2_euclidean,0.1879690495992839,0.1879690495992839,0.3498743900731008,0.48621804903355315,0.986361219987284,1.0,0.9942180184012578
unpredictability_h3_euclidean,0.1928837807818042,0.1928837807818042,0.3423743860243405,0.47346281536493895,0.9726589776670646,0.9942180184012578,1.0
