,latent_step,raw_frame_idx,rms_contrast,optical_flow,unpredictability_h1_euclidean,unpredictability_h2_euclidean,unpredictability_h3_euclidean
latent_step,1.0,1.0,0.02046310151426178,0.015662612646826043,-0.25660726149583724,-0.23873249171603586,-0.24231256801073567
raw_frame_idx,1.0,1.0,0.02046310151426178,0.015662612646826043,-0.25660726149583724,-0.23873249171603586,-0.24231256801073567
rms_contrast,0.02046310151426178,0.02046310151426178,1.0,0.8635784198216514,0.356763825684237,0.35750600437764135,0.3544118353243203
optical_flow,0.015662612646826043,0.015662612646826043,0.8635784198216514,1.0,0.46755472645038837,0.45596431142234833,0.44970932973843447
unpredictability_h1_euclidean,-0.25660726149583724,-0.25660726149583724,0.356763825684237,0.46755472645038837,1.0,0.9848704103189979,0.9698892479166292
unpredictability_h2_euclidean,-0.23873249171603586,-0.23873249171603586,0.35750600437764135,0.45596431142234833,0.9848704103189979,1.0,0.9937153862776237
unpredictability_h3_euclidean,-0.24231256801073567,-0.24231256801073567,0.3544118353243203,0.44970932973843447,0.9698892479166292,0.9937153862776237,1.0
