,latent_step,raw_frame_idx,rms_contrast,optical_flow,unpredictability_h2_euclidean,unpredictability_h4_euclidean,unpredictability_h8_euclidean
latent_step,1.0,1.0,-0.35290727802221145,-0.34667396635917963,0.21621481751048563,0.29605516892875317,0.17175681790670871
raw_frame_idx,1.0,1.0,-0.35290727802221145,-0.34667396635917963,0.21621481751048563,0.29605516892875317,0.17175681790670871
rms_contrast,-0.35290727802221145,-0.35290727802221145,1.0,0.8354215348951138,-0.15643433354242664,-0.12306618512119558,-0.1499069192068115
optical_flow,-0.34667396635917963,-0.34667396635917963,0.8354215348951138,1.0,-0.11719601138677725,-0.01483521014415696,-0.05552933129876454
unpredictability_h2_euclidean,0.21621481751048563,0.21621481751048563,-0.15643433354242664,-0.11719601138677725,1.0,0.727361285710699,0.7101184457496945
unpredictability_h4_euclidean,0.29605516892875317,0.29605516892875317,-0.12306618512119558,-0.01483521014415696,0.727361285710699,1.0,0.8639729562942193
unpredictability_h8_euclidean,0.17175681790670871,0.17175681790670871,-0.1499069192068115,-0.05552933129876454,0.7101184457496945,0.8639729562942193,1.0
