,latent_step,raw_frame_idx,rms_contrast,optical_flow,unpredictability_h2_euclidean,unpredictability_h4_euclidean,unpredictability_h8_euclidean
latent_step,1.0,1.0,0.41828393304765754,0.09441692116313458,-0.3114478726645072,-0.35036440113137574,-0.4023996458064637
raw_frame_idx,1.0,1.0,0.41828393304765754,0.09441692116313458,-0.3114478726645072,-0.35036440113137574,-0.4023996458064637
rms_contrast,0.41828393304765754,0.41828393304765754,1.0,0.7860923490627378,-0.5207232912087953,-0.5726636734291163,-0.4070898236137322
optical_flow,0.09441692116313458,0.09441692116313458,0.7860923490627378,1.0,-0.27461771165299964,-0.26298111246812655,-0.0714222407482505
unpredictability_h2_euclidean,-0.3114478726645072,-0.3114478726645072,-0.5207232912087953,-0.27461771165299964,1.0,0.8677730996877456,0.7065752683759543
unpredictability_h4_euclidean,-0.35036440113137574,-0.35036440113137574,-0.5726636734291163,-0.26298111246812655,0.8677730996877456,1.0,0.7723034793568998
unpredictability_h8_euclidean,-0.4023996458064637,-0.4023996458064637,-0.4070898236137322,-0.0714222407482505,0.7065752683759543,0.7723034793568998,1.0
