,latent_step,raw_frame_idx,rms_contrast,optical_flow,unpredictability_h2_euclidean,unpredictability_h4_euclidean,unpredictability_h8_euclidean
latent_step,1.0,1.0,-0.4569934535010446,-0.15844077908078855,0.3139706800625424,0.29938070746521495,0.36108384484294054
raw_frame_idx,1.0,1.0,-0.4569934535010446,-0.15844077908078855,0.3139706800625424,0.29938070746521495,0.36108384484294054
rms_contrast,-0.4569934535010446,-0.4569934535010446,1.0,0.7894829047756796,-0.16195927088120235,-0.19405002853145664,-0.17120646978879137
optical_flow,-0.15844077908078855,-0.15844077908078855,0.7894829047756796,1.0,-0.15527646178678522,-0.14905044703163164,-0.08630418517442634
unpredictability_h2_euclidean,0.3139706800625424,0.3139706800625424,-0.16195927088120235,-0.15527646178678522,1.0,0.7911175827910788,0.7194195205534153
unpredictability_h4_euclidean,0.29938070746521495,0.29938070746521495,-0.19405002853145664,-0.14905044703163164,0.7911175827910788,1.0,0.8506272453906015
unpredictability_h8_euclidean,0.36108384484294054,0.36108384484294054,-0.17120646978879137,-0.08630418517442634,0.7194195205534153,0.8506272453906015,1.0
