,latent_step,raw_frame_idx,rms_contrast,optical_flow,unpredictability_h2_euclidean,unpredictability_h4_euclidean,unpredictability_h8_euclidean
latent_step,1.0,1.0,-0.24461618668091714,-0.21835951190657885,-0.017253531586473102,0.16687656955234306,0.22349547349654378
raw_frame_idx,1.0,1.0,-0.24461618668091714,-0.21835951190657885,-0.017253531586473102,0.16687656955234306,0.22349547349654378
rms_contrast,-0.24461618668091714,-0.24461618668091714,1.0,0.8911927504142132,-0.18342652628843184,-0.278508417548286,-0.02685507167939305
optical_flow,-0.21835951190657885,-0.21835951190657885,0.8911927504142132,1.0,-0.18518307914361312,-0.25668897939033064,-0.07434061188880205
unpredictability_h2_euclidean,-0.017253531586473102,-0.017253531586473102,-0.18342652628843184,-0.18518307914361312,1.0,0.79445595086334,0.5395900157743341
unpredictability_h4_euclidean,0.16687656955234306,0.16687656955234306,-0.278508417548286,-0.25668897939033064,0.79445595086334,1.0,0.7152777465594176
unpredictability_h8_euclidean,0.22349547349654378,0.22349547349654378,-0.02685507167939305,-0.07434061188880205,0.5395900157743341,0.7152777465594176,1.0
