,latent_step,raw_frame_idx,rms_contrast,optical_flow,unpredictability_h1_euclidean,unpredictability_h2_euclidean,unpredictability_h3_euclidean
latent_step,1.0,1.0,0.2792399547050902,0.16218119623096489,-0.35737911284269985,-0.3778712260866174,-0.3713636202031031
raw_frame_idx,1.0,1.0,0.2792399547050902,0.16218119623096489,-0.35737911284269985,-0.3778712260866174,-0.3713636202031031
rms_contrast,0.2792399547050902,0.2792399547050902,1.0,0.8001886823584928,-0.10739067165511088,-0.1305473374605675,-0.12294823256516302
optical_flow,0.16218119623096489,0.16218119623096489,0.8001886823584928,1.0,-0.10857004415675554,-0.11511795872898008,-0.1091568454061636
unpredictability_h1_euclidean,-0.35737911284269985,-0.35737911284269985,-0.10739067165511088,-0.10857004415675554,1.0,0.9583141329887432,0.9388367749645781
unpredictability_h2_euclidean,-0.3778712260866174,-0.3778712260866174,-0.1305473374605675,-0.11511795872898008,0.9583141329887432,1.0,0.9885382657413883
unpredictability_h3_euclidean,-0.3713636202031031,-0.3713636202031031,-0.12294823256516302,-0.1091568454061636,0.9388367749645781,0.9885382657413883,1.0
