,latent_step,raw_frame_idx,rms_contrast,optical_flow,unpredictability_h4_euclidean,unpredictability_h8_euclidean,unpredictability_h12_euclidean
latent_step,1.0,1.0,0.0011835322694748465,0.08280551241375185,0.2043107651684094,0.19020218728089275,0.17863721577058436
raw_frame_idx,1.0,1.0,0.0011835322694748465,0.08280551241375185,0.2043107651684094,0.19020218728089275,0.17863721577058436
rms_contrast,0.0011835322694748465,0.0011835322694748465,1.0,0.7932960021733821,0.07167167585189621,0.05126837648681212,0.027499101278138687
optical_flow,0.08280551241375185,0.08280551241375185,0.7932960021733821,1.0,0.1167780255548692,0.08711033855655746,0.055084657039304465
unpredictability_h4_euclidean,0.2043107651684094,0.2043107651684094,0.07167167585189621,0.1167780255548692,1.0,0.9570698078990725,0.8684696257256254
unpredictability_h8_euclidean,0.19020218728089275,0.19020218728089275,0.05126837648681212,0.08711033855655746,0.9570698078990725,1.0,0.9537769558370254
unpredictability_h12_euclidean,0.17863721577058436,0.17863721577058436,0.027499101278138687,0.055084657039304465,0.8684696257256254,0.9537769558370254,1.0
