,latent_step,raw_frame_idx,rms_contrast,optical_flow,unpredictability_h4_euclidean,unpredictability_h8_euclidean,unpredictability_h12_euclidean
latent_step,1.0,1.0,-0.21919886217042997,-0.10990043219587217,0.33573710976170573,0.3369032168942303,0.33495118344611485
raw_frame_idx,1.0,1.0,-0.21919886217042997,-0.10990043219587217,0.33573710976170573,0.3369032168942303,0.33495118344611485
rms_contrast,-0.21919886217042997,-0.21919886217042997,1.0,0.7877525382043087,-0.11687272208202334,-0.10415662974024353,-0.1217620104600435
optical_flow,-0.10990043219587217,-0.10990043219587217,0.7877525382043087,1.0,-0.021430913522529706,0.0020749065393822447,0.006984629473086122
unpredictability_h4_euclidean,0.33573710976170573,0.33573710976170573,-0.11687272208202334,-0.021430913522529706,1.0,0.9694445196257161,0.9066239182013098
unpredictability_h8_euclidean,0.3369032168942303,0.3369032168942303,-0.10415662974024353,0.0020749065393822447,0.9694445196257161,1.0,0.967639880466883
unpredictability_h12_euclidean,0.33495118344611485,0.33495118344611485,-0.1217620104600435,0.006984629473086122,0.9066239182013098,0.967639880466883,1.0
