,latent_step,raw_frame_idx,rms_contrast,optical_flow,unpredictability_h4_euclidean,unpredictability_h8_euclidean,unpredictability_h12_euclidean
latent_step,1.0,1.0,-0.19451468244122466,-0.24684285731247219,0.0039040262814306476,-0.0672294100433455,-0.07392504141259651
raw_frame_idx,1.0,1.0,-0.19451468244122466,-0.24684285731247219,0.0039040262814306476,-0.0672294100433455,-0.07392504141259651
rms_contrast,-0.19451468244122466,-0.19451468244122466,1.0,0.823867963217102,0.020166205105335493,0.07589567146062495,0.052557781605834984
optical_flow,-0.24684285731247219,-0.24684285731247219,0.823867963217102,1.0,-0.08833837055220808,0.07768034817053135,0.08552248390201646
unpredictability_h4_euclidean,0.0039040262814306476,0.0039040262814306476,0.020166205105335493,-0.08833837055220808,1.0,0.8892498972285849,0.8567081471684087
unpredictability_h8_euclidean,-0.0672294100433455,-0.0672294100433455,0.07589567146062495,0.07768034817053135,0.8892498972285849,1.0,0.9765050963107964
unpredictability_h12_euclidean,-0.07392504141259651,-0.07392504141259651,0.052557781605834984,0.08552248390201646,0.8567081471684087,0.9765050963107964,1.0
