,latent_step,raw_frame_idx,rms_contrast,optical_flow,unpredictability_h1_euclidean,unpredictability_h2_euclidean,unpredictability_h3_euclidean
latent_step,1.0,1.0,-0.21795798953499912,-0.09040449256036877,0.33192200346491463,0.3418826721661571,0.3385796651293695
raw_frame_idx,1.0,1.0,-0.21795798953499912,-0.09040449256036877,0.33192200346491463,0.3418826721661571,0.3385796651293695
rms_contrast,-0.21795798953499912,-0.21795798953499912,1.0,0.7867862983991042,-0.12674734294119483,-0.11162408831829769,-0.10835822896369615
optical_flow,-0.09040449256036877,-0.09040449256036877,0.7867862983991042,1.0,-0.06941356105749903,-0.04801745070141444,-0.02925706571793652
unpredictability_h1_euclidean,0.33192200346491463,0.33192200346491463,-0.12674734294119483,-0.06941356105749903,1.0,0.9555844499426315,0.9363583393792388
unpredictability_h2_euclidean,0.3418826721661571,0.3418826721661571,-0.11162408831829769,-0.04801745070141444,0.9555844499426315,1.0,0.9887816620175499
unpredictability_h3_euclidean,0.3385796651293695,0.3385796651293695,-0.10835822896369615,-0.02925706571793652,0.9363583393792388,0.9887816620175499,1.0
