,latent_step,raw_frame_idx,rms_contrast,optical_flow,unpredictability_h4_euclidean,unpredictability_h8_euclidean,unpredictability_h12_euclidean
latent_step,1.0,1.0,0.29695609519338506,0.2282616263699462,-0.12845525611502037,-0.07809321984046828,-0.041650502351280254
raw_frame_idx,1.0,1.0,0.29695609519338506,0.2282616263699462,-0.12845525611502037,-0.07809321984046828,-0.041650502351280254
rms_contrast,0.29695609519338506,0.29695609519338506,1.0,0.8089091911654281,0.011255233877967376,0.04778983318408308,0.07340795676307309
optical_flow,0.2282616263699462,0.2282616263699462,0.8089091911654281,1.0,0.15348192484600867,0.16282576451098676,0.1581395474360905
unpredictability_h4_euclidean,-0.12845525611502037,-0.12845525611502037,0.011255233877967376,0.15348192484600867,1.0,0.9694621326778465,0.8974513725818161
unpredictability_h8_euclidean,-0.07809321984046828,-0.07809321984046828,0.04778983318408308,0.16282576451098676,0.9694621326778465,1.0,0.9769172761437379
unpredictability_h12_euclidean,-0.041650502351280254,-0.041650502351280254,0.07340795676307309,0.1581395474360905,0.8974513725818161,0.9769172761437379,1.0
