,latent_step,raw_frame_idx,rms_contrast,optical_flow,unpredictability_h2_euclidean,unpredictability_h4_euclidean,unpredictability_h8_euclidean
latent_step,1.0,1.0,0.002889724518318618,0.018745369459488005,0.12014770934096237,0.1265325502322412,0.12830803663617596
raw_frame_idx,1.0,1.0,0.002889724518318618,0.018745369459488005,0.12014770934096237,0.1265325502322412,0.12830803663617596
rms_contrast,0.002889724518318618,0.002889724518318618,1.0,0.7715610184830253,-0.1083632508661154,-0.1090961352900542,-0.11665329698049208
optical_flow,0.018745369459488005,0.018745369459488005,0.7715610184830253,1.0,0.011213071574973404,-0.00197514740615692,-0.012948376631645721
unpredictability_h2_euclidean,0.12014770934096237,0.12014770934096237,-0.1083632508661154,0.011213071574973404,1.0,0.9733049785618821,0.9602270652337487
unpredictability_h4_euclidean,0.1265325502322412,0.1265325502322412,-0.1090961352900542,-0.00197514740615692,0.9733049785618821,1.0,0.9821472446833546
unpredictability_h8_euclidean,0.12830803663617596,0.12830803663617596,-0.11665329698049208,-0.012948376631645721,0.9602270652337487,0.9821472446833546,1.0
