,latent_step,raw_frame_idx,rms_contrast,optical_flow,unpredictability_h2_euclidean,unpredictability_h4_euclidean,unpredictability_h8_euclidean
latent_step,1.0,1.0,0.06710708266448949,0.1912864118620678,0.4109464622355269,0.4135488183450353,0.4175973667960731
raw_frame_idx,1.0,1.0,0.06710708266448949,0.1912864118620678,0.4109464622355269,0.4135488183450353,0.4175973667960731
rms_contrast,0.06710708266448949,0.06710708266448949,1.0,0.7631923429745542,-0.033253322784135,-0.0293380240597997,-0.01695049761692391
optical_flow,0.1912864118620678,0.1912864118620678,0.7631923429745542,1.0,0.1514858355549454,0.15825328455897508,0.18229197876520728
unpredictability_h2_euclidean,0.4109464622355269,0.4109464622355269,-0.033253322784135,0.1514858355549454,1.0,0.9932977326665555,0.9755755561479044
unpredictability_h4_euclidean,0.4135488183450353,0.4135488183450353,-0.0293380240597997,0.15825328455897508,0.9932977326665555,1.0,0.9886414650353597
unpredictability_h8_euclidean,0.4175973667960731,0.4175973667960731,-0.01695049761692391,0.18229197876520728,0.9755755561479044,0.9886414650353597,1.0
