,latent_step,raw_frame_idx,rms_contrast,optical_flow,unpredictability_h2_euclidean,unpredictability_h4_euclidean,unpredictability_h8_euclidean
latent_step,1.0,1.0,-0.08658865548735471,-0.20429703654416603,-0.32595172315143467,-0.3295255060622153,-0.34333986532753336
raw_frame_idx,1.0,1.0,-0.08658865548735471,-0.20429703654416603,-0.32595172315143467,-0.3295255060622153,-0.34333986532753336
rms_contrast,-0.08658865548735471,-0.08658865548735471,1.0,0.76419492395958,0.21957047094456314,0.21078048993926582,0.18959205019627817
optical_flow,-0.20429703654416603,-0.20429703654416603,0.76419492395958,1.0,0.2713300191367391,0.2657586268059118,0.24208363265120855
unpredictability_h2_euclidean,-0.32595172315143467,-0.32595172315143467,0.21957047094456314,0.2713300191367391,1.0,0.9914790285918006,0.9682703198190447
unpredictability_h4_euclidean,-0.3295255060622153,-0.3295255060622153,0.21078048993926582,0.2657586268059118,0.9914790285918006,1.0,0.9865421758470653
unpredictability_h8_euclidean,-0.34333986532753336,-0.34333986532753336,0.18959205019627817,0.24208363265120855,0.9682703198190447,0.9865421758470653,1.0
