,latent_step,raw_frame_idx,rms_contrast,optical_flow,unpredictability_h2_euclidean,unpredictability_h4_euclidean,unpredictability_h8_euclidean
latent_step,1.0,1.0,-0.02442924291397945,0.006869907269799014,0.09158849810615872,0.14246687265987645,0.15695430916150208
raw_frame_idx,1.0,1.0,-0.02442924291397945,0.006869907269799014,0.09158849810615872,0.14246687265987645,0.15695430916150208
rms_contrast,-0.02442924291397945,-0.02442924291397945,1.0,0.8501484557846611,-0.005338133782488233,-0.01206243902550079,-0.020782052142414038
optical_flow,0.006869907269799014,0.006869907269799014,0.8501484557846611,1.0,0.01729763896919517,0.00603248796005568,-0.028080793609897688
unpredictability_h2_euclidean,0.09158849810615872,0.09158849810615872,-0.005338133782488233,0.01729763896919517,1.0,0.9471125600056995,0.8946995883806156
unpredictability_h4_euclidean,0.14246687265987645,0.14246687265987645,-0.01206243902550079,0.00603248796005568,0.9471125600056995,1.0,0.9557120720444465
unpredictability_h8_euclidean,0.15695430916150208,0.15695430916150208,-0.020782052142414038,-0.028080793609897688,0.8946995883806156,0.9557120720444465,1.0
