,latent_step,raw_frame_idx,rms_contrast,optical_flow,unpredictability_h2_euclidean,unpredictability_h4_euclidean,unpredictability_h8_euclidean
latent_step,1.0,1.0,0.11252258904437618,0.1811281040656692,0.1892127531872998,0.22935980181406573,0.28793333797540027
raw_frame_idx,1.0,1.0,0.11252258904437618,0.1811281040656692,0.1892127531872998,0.22935980181406573,0.28793333797540027
rms_contrast,0.11252258904437618,0.11252258904437618,1.0,0.8325378689081995,0.02717565309049617,0.03539180508984824,0.04176698816247888
optical_flow,0.1811281040656692,0.1811281040656692,0.8325378689081995,1.0,0.09129679203617601,0.1174595367242721,0.14605047779237668
unpredictability_h2_euclidean,0.1892127531872998,0.1892127531872998,0.02717565309049617,0.09129679203617601,1.0,0.9636211808267084,0.9096702921674914
unpredictability_h4_euclidean,0.22935980181406573,0.22935980181406573,0.03539180508984824,0.1174595367242721,0.9636211808267084,1.0,0.9610035836742679
unpredictability_h8_euclidean,0.28793333797540027,0.28793333797540027,0.04176698816247888,0.14605047779237668,0.9096702921674914,0.9610035836742679,1.0
