,latent_step,raw_frame_idx,rms_contrast,optical_flow,unpredictability_h2_euclidean,unpredictability_h4_euclidean,unpredictability_h8_euclidean
latent_step,1.0,1.0,-0.11820157866608459,-0.18533427892667032,-0.1261934235964405,-0.13491327314532775,-0.13313148794231278
raw_frame_idx,1.0,1.0,-0.11820157866608459,-0.18533427892667032,-0.1261934235964405,-0.13491327314532775,-0.13313148794231278
rms_contrast,-0.11820157866608459,-0.11820157866608459,1.0,0.8327879307274502,0.11538641994599054,0.11674591997304529,0.09200697631982656
optical_flow,-0.18533427892667032,-0.18533427892667032,0.8327879307274502,1.0,0.16058100873026485,0.16567111963392778,0.15171223536654413
unpredictability_h2_euclidean,-0.1261934235964405,-0.1261934235964405,0.11538641994599054,0.16058100873026485,1.0,0.9617222890664952,0.908432379951633
unpredictability_h4_euclidean,-0.13491327314532775,-0.13491327314532775,0.11674591997304529,0.16567111963392778,0.9617222890664952,1.0,0.9544938546202597
unpredictability_h8_euclidean,-0.13313148794231278,-0.13313148794231278,0.09200697631982656,0.15171223536654413,0.908432379951633,0.9544938546202597,1.0
